TITLE = "Global index visualization file"
VARIABLES =
   "iSpan"           "x_coord"           "y_coord"           "z_coord"            "radius""Relative Angular Coord ""Delta Angular Coord "         "processor"
         0      1.00000000E+01      0.00000000E+00      0.00000000E+00      1.00000000E+01      0.00000000E+00      0.00000000E+00                   0
         0      1.00000000E+01      4.00000000E-02      0.00000000E+00      1.00000800E+01      4.00000000E-02      4.00000000E-02                   0
         0      1.00000000E+01      8.00000000E-02      0.00000000E+00      1.00003200E+01      8.00000000E-02      4.00000000E-02                   0
         0      1.00000000E+01      1.20000000E-01      0.00000000E+00      1.00007200E+01      1.20000000E-01      4.00000000E-02                   0
         0      1.00000000E+01      1.60000000E-01      0.00000000E+00      1.00012799E+01      1.60000000E-01      4.00000000E-02                   0
         0      1.00000000E+01      2.00000000E-01      0.00000000E+00      1.00019998E+01      2.00000000E-01      4.00000000E-02                   0
         0      1.00000000E+01      2.40000000E-01      0.00000000E+00      1.00028796E+01      2.40000000E-01      4.00000000E-02                   0
         0      1.00000000E+01      2.80000000E-01      0.00000000E+00      1.00039192E+01      2.80000000E-01      4.00000000E-02                   0
         0      1.00000000E+01      3.20000000E-01      0.00000000E+00      1.00051187E+01      3.20000000E-01      4.00000000E-02                   0
         0      1.00000000E+01      3.60000000E-01      0.00000000E+00      1.00064779E+01      3.60000000E-01      4.00000000E-02                   0
         0      1.00000000E+01      4.00000000E-01      0.00000000E+00      1.00079968E+01      4.00000000E-01      4.00000000E-02                   0
         0      1.00000000E+01      4.40000000E-01      0.00000000E+00      1.00096753E+01      4.40000000E-01      4.00000000E-02                   0
         0      1.00000000E+01      4.80000000E-01      0.00000000E+00      1.00115134E+01      4.80000000E-01      4.00000000E-02                   0
         0      0.00000000E+00      5.00000000E-01      0.00000000E+00      5.00000000E-01      5.00000000E-01      0.00000000E+00                   1
         0      1.00000000E+01      5.20000000E-01      0.00000000E+00      1.00135109E+01      5.20000000E-01      4.00000000E-02                   0
         0      0.00000000E+00      5.38461538E-01      0.00000000E+00      5.38461538E-01      5.38461538E-01      3.84615385E-02                   1
         0      1.00000000E+01      5.60000000E-01      0.00000000E+00      1.00156677E+01      5.60000000E-01      4.00000000E-02                   0
         0      0.00000000E+00      5.76923077E-01      0.00000000E+00      5.76923077E-01      5.76923077E-01      3.84615385E-02                   1
         0      1.00000000E+01      6.00000000E-01      0.00000000E+00      1.00179838E+01      6.00000000E-01      4.00000000E-02                   0
         0      0.00000000E+00      6.15384615E-01      0.00000000E+00      6.15384615E-01      6.15384615E-01      3.84615385E-02                   1
         0      1.00000000E+01      6.40000000E-01      0.00000000E+00      1.00204591E+01      6.40000000E-01      4.00000000E-02                   0
         0      0.00000000E+00      6.53846154E-01      0.00000000E+00      6.53846154E-01      6.53846154E-01      3.84615385E-02                   1
         0      1.00000000E+01      6.80000000E-01      0.00000000E+00      1.00230933E+01      6.80000000E-01      4.00000000E-02                   0
         0      0.00000000E+00      6.92307692E-01      0.00000000E+00      6.92307692E-01      6.92307692E-01      3.84615385E-02                   1
         0      1.00000000E+01      7.20000000E-01      0.00000000E+00      1.00258865E+01      7.20000000E-01      4.00000000E-02                   0
         0      0.00000000E+00      7.30769231E-01      0.00000000E+00      7.30769231E-01      7.30769231E-01      3.84615385E-02                   1
         0      1.00000000E+01      7.60000000E-01      0.00000000E+00      1.00288384E+01      7.60000000E-01      4.00000000E-02                   0
         0      0.00000000E+00      7.69230769E-01      0.00000000E+00      7.69230769E-01      7.69230769E-01      3.84615385E-02                   1
         0      1.00000000E+01      8.00000000E-01      0.00000000E+00      1.00319490E+01      8.00000000E-01      4.00000000E-02                   0
         0      0.00000000E+00      8.07692308E-01      0.00000000E+00      8.07692308E-01      8.07692308E-01      3.84615385E-02                   1
         0      1.00000000E+01      8.40000000E-01      0.00000000E+00      1.00352180E+01      8.40000000E-01      4.00000000E-02                   0
         0      0.00000000E+00      8.46153846E-01      0.00000000E+00      8.46153846E-01      8.46153846E-01      3.84615385E-02                   1
         0      1.00000000E+01      8.80000000E-01      0.00000000E+00      1.00386453E+01      8.80000000E-01      4.00000000E-02                   0
         0      0.00000000E+00      8.84615385E-01      0.00000000E+00      8.84615385E-01      8.84615385E-01      3.84615385E-02                   1
         0      1.00000000E+01      9.20000000E-01      0.00000000E+00      1.00422308E+01      9.20000000E-01      4.00000000E-02                   0
         0      0.00000000E+00      9.23076923E-01      0.00000000E+00      9.23076923E-01      9.23076923E-01      3.84615385E-02                   1
         0      1.00000000E+01      9.60000000E-01      0.00000000E+00      1.00459743E+01      9.60000000E-01      4.00000000E-02                   0
         0      0.00000000E+00      9.61538462E-01      0.00000000E+00      9.61538462E-01      9.61538462E-01      3.84615385E-02                   1
         0      7.48000000E+00      1.00000000E+00      0.00000000E+00      7.54654888E+00      1.00000000E+00      0.00000000E+00                   0
         0      7.52000000E+00      1.00000000E+00      0.00000000E+00      7.58619799E+00      1.00000000E+00      0.00000000E+00                   0
         0      7.56000000E+00      1.00000000E+00      0.00000000E+00      7.62585077E+00      1.00000000E+00      0.00000000E+00                   0
         0      7.60000000E+00      1.00000000E+00      0.00000000E+00      7.66550716E+00      1.00000000E+00      0.00000000E+00                   0
         0      7.64000000E+00      1.00000000E+00      0.00000000E+00      7.70516710E+00      1.00000000E+00      0.00000000E+00                   0
         0      7.68000000E+00      1.00000000E+00      0.00000000E+00      7.74483053E+00      1.00000000E+00      0.00000000E+00                   0
         0      7.72000000E+00      1.00000000E+00      0.00000000E+00      7.78449741E+00      1.00000000E+00      0.00000000E+00                   0
         0      7.76000000E+00      1.00000000E+00      0.00000000E+00      7.82416769E+00      1.00000000E+00      0.00000000E+00                   0
         0      7.80000000E+00      1.00000000E+00      0.00000000E+00      7.86384130E+00      1.00000000E+00      0.00000000E+00                   0
         0      7.84000000E+00      1.00000000E+00      0.00000000E+00      7.90351820E+00      1.00000000E+00      0.00000000E+00                   0
         0      7.88000000E+00      1.00000000E+00      0.00000000E+00      7.94319835E+00      1.00000000E+00      0.00000000E+00                   0
         0      7.92000000E+00      1.00000000E+00      0.00000000E+00      7.98288169E+00      1.00000000E+00      0.00000000E+00                   0
         0      7.96000000E+00      1.00000000E+00      0.00000000E+00      8.02256817E+00      1.00000000E+00      0.00000000E+00                   0
         0      8.00000000E+00      1.00000000E+00      0.00000000E+00      8.06225775E+00      1.00000000E+00      0.00000000E+00                   0
         0      8.04000000E+00      1.00000000E+00      0.00000000E+00      8.10195038E+00      1.00000000E+00      0.00000000E+00                   0
         0      8.08000000E+00      1.00000000E+00      0.00000000E+00      8.14164603E+00      1.00000000E+00      0.00000000E+00                   0
         0      8.12000000E+00      1.00000000E+00      0.00000000E+00      8.18134463E+00      1.00000000E+00      0.00000000E+00                   0
         0      8.16000000E+00      1.00000000E+00      0.00000000E+00      8.22104616E+00      1.00000000E+00      0.00000000E+00                   0
         0      8.20000000E+00      1.00000000E+00      0.00000000E+00      8.26075057E+00      1.00000000E+00      0.00000000E+00                   0
         0      8.24000000E+00      1.00000000E+00      0.00000000E+00      8.30045782E+00      1.00000000E+00      0.00000000E+00                   0
         0      8.28000000E+00      1.00000000E+00      0.00000000E+00      8.34016786E+00      1.00000000E+00      0.00000000E+00                   0
         0      8.32000000E+00      1.00000000E+00      0.00000000E+00      8.37988067E+00      1.00000000E+00      0.00000000E+00                   0
         0      8.36000000E+00      1.00000000E+00      0.00000000E+00      8.41959619E+00      1.00000000E+00      0.00000000E+00                   0
         0      8.40000000E+00      1.00000000E+00      0.00000000E+00      8.45931439E+00      1.00000000E+00      0.00000000E+00                   0
         0      8.44000000E+00      1.00000000E+00      0.00000000E+00      8.49903524E+00      1.00000000E+00      0.00000000E+00                   0
         0      8.48000000E+00      1.00000000E+00      0.00000000E+00      8.53875869E+00      1.00000000E+00      0.00000000E+00                   0
         0      8.52000000E+00      1.00000000E+00      0.00000000E+00      8.57848471E+00      1.00000000E+00      0.00000000E+00                   0
         0      8.56000000E+00      1.00000000E+00      0.00000000E+00      8.61821327E+00      1.00000000E+00      0.00000000E+00                   0
         0      8.60000000E+00      1.00000000E+00      0.00000000E+00      8.65794433E+00      1.00000000E+00      0.00000000E+00                   0
         0      8.64000000E+00      1.00000000E+00      0.00000000E+00      8.69767785E+00      1.00000000E+00      0.00000000E+00                   0
         0      8.68000000E+00      1.00000000E+00      0.00000000E+00      8.73741381E+00      1.00000000E+00      0.00000000E+00                   0
         0      8.72000000E+00      1.00000000E+00      0.00000000E+00      8.77715216E+00      1.00000000E+00      0.00000000E+00                   0
         0      8.76000000E+00      1.00000000E+00      0.00000000E+00      8.81689288E+00      1.00000000E+00      0.00000000E+00                   0
         0      8.80000000E+00      1.00000000E+00      0.00000000E+00      8.85663593E+00      1.00000000E+00      0.00000000E+00                   0
         0      8.84000000E+00      1.00000000E+00      0.00000000E+00      8.89638129E+00      1.00000000E+00      0.00000000E+00                   0
         0      8.88000000E+00      1.00000000E+00      0.00000000E+00      8.93612892E+00      1.00000000E+00      0.00000000E+00                   0
         0      8.92000000E+00      1.00000000E+00      0.00000000E+00      8.97587879E+00      1.00000000E+00      0.00000000E+00                   0
         0      8.96000000E+00      1.00000000E+00      0.00000000E+00      9.01563087E+00      1.00000000E+00      0.00000000E+00                   0
         0      9.00000000E+00      1.00000000E+00      0.00000000E+00      9.05538514E+00      1.00000000E+00      0.00000000E+00                   0
         0      9.04000000E+00      1.00000000E+00      0.00000000E+00      9.09514156E+00      1.00000000E+00      0.00000000E+00                   0
         0      9.08000000E+00      1.00000000E+00      0.00000000E+00      9.13490011E+00      1.00000000E+00      0.00000000E+00                   0
         0      9.12000000E+00      1.00000000E+00      0.00000000E+00      9.17466076E+00      1.00000000E+00      0.00000000E+00                   0
         0      9.16000000E+00      1.00000000E+00      0.00000000E+00      9.21442348E+00      1.00000000E+00      0.00000000E+00                   0
         0      9.20000000E+00      1.00000000E+00      0.00000000E+00      9.25418824E+00      1.00000000E+00      0.00000000E+00                   0
         0      9.24000000E+00      1.00000000E+00      0.00000000E+00      9.29395502E+00      1.00000000E+00      0.00000000E+00                   0
         0      9.28000000E+00      1.00000000E+00      0.00000000E+00      9.33372380E+00      1.00000000E+00      0.00000000E+00                   0
         0      9.32000000E+00      1.00000000E+00      0.00000000E+00      9.37349455E+00      1.00000000E+00      0.00000000E+00                   0
         0      9.36000000E+00      1.00000000E+00      0.00000000E+00      9.41326723E+00      1.00000000E+00      0.00000000E+00                   0
         0      9.40000000E+00      1.00000000E+00      0.00000000E+00      9.45304184E+00      1.00000000E+00      0.00000000E+00                   0
         0      9.44000000E+00      1.00000000E+00      0.00000000E+00      9.49281834E+00      1.00000000E+00      0.00000000E+00                   0
         0      9.48000000E+00      1.00000000E+00      0.00000000E+00      9.53259671E+00      1.00000000E+00      0.00000000E+00                   0
         0      9.52000000E+00      1.00000000E+00      0.00000000E+00      9.57237693E+00      1.00000000E+00      0.00000000E+00                   0
         0      9.56000000E+00      1.00000000E+00      0.00000000E+00      9.61215897E+00      1.00000000E+00      0.00000000E+00                   0
         0      9.60000000E+00      1.00000000E+00      0.00000000E+00      9.65194281E+00      1.00000000E+00      0.00000000E+00                   0
         0      9.64000000E+00      1.00000000E+00      0.00000000E+00      9.69172843E+00      1.00000000E+00      0.00000000E+00                   0
         0      9.68000000E+00      1.00000000E+00      0.00000000E+00      9.73151581E+00      1.00000000E+00      0.00000000E+00                   0
         0      9.72000000E+00      1.00000000E+00      0.00000000E+00      9.77130493E+00      1.00000000E+00      0.00000000E+00                   0
         0      9.76000000E+00      1.00000000E+00      0.00000000E+00      9.81109576E+00      1.00000000E+00      0.00000000E+00                   0
         0      9.80000000E+00      1.00000000E+00      0.00000000E+00      9.85088828E+00      1.00000000E+00      0.00000000E+00                   0
         0      9.84000000E+00      1.00000000E+00      0.00000000E+00      9.89068248E+00      1.00000000E+00      0.00000000E+00                   0
         0      9.88000000E+00      1.00000000E+00      0.00000000E+00      9.93047834E+00      1.00000000E+00      0.00000000E+00                   0
         0      9.92000000E+00      1.00000000E+00      0.00000000E+00      9.97027582E+00      1.00000000E+00      0.00000000E+00                   0
         0      9.96000000E+00      1.00000000E+00      0.00000000E+00      1.00100749E+01      1.00000000E+00      0.00000000E+00                   0
         0      1.00000000E+01      1.00000000E+00      0.00000000E+00      1.00498756E+01      1.00000000E+00      0.00000000E+00                   0
         0      0.00000000E+00      1.00000000E+00      0.00000000E+00      1.00000000E+00      1.00000000E+00      3.84615385E-02                   1
         0      4.00000000E-02      1.00000000E+00      0.00000000E+00      1.00079968E+00      1.00000000E+00      0.00000000E+00                   1
         0      8.00000000E-02      1.00000000E+00      0.00000000E+00      1.00319490E+00      1.00000000E+00      0.00000000E+00                   1
         0      1.20000000E-01      1.00000000E+00      0.00000000E+00      1.00717426E+00      1.00000000E+00      0.00000000E+00                   1
         0      1.60000000E-01      1.00000000E+00      0.00000000E+00      1.01271911E+00      1.00000000E+00      0.00000000E+00                   1
         0      2.00000000E-01      1.00000000E+00      0.00000000E+00      1.01980390E+00      1.00000000E+00      0.00000000E+00                   1
         0      2.40000000E-01      1.00000000E+00      0.00000000E+00      1.02839681E+00      1.00000000E+00      0.00000000E+00                   1
         0      2.80000000E-01      1.00000000E+00      0.00000000E+00      1.03846040E+00      1.00000000E+00      0.00000000E+00                   1
         0      3.20000000E-01      1.00000000E+00      0.00000000E+00      1.04995238E+00      1.00000000E+00      0.00000000E+00                   1
         0      3.60000000E-01      1.00000000E+00      0.00000000E+00      1.06282642E+00      1.00000000E+00      0.00000000E+00                   1
         0      4.00000000E-01      1.00000000E+00      0.00000000E+00      1.07703296E+00      1.00000000E+00      0.00000000E+00                   1
         0      4.40000000E-01      1.00000000E+00      0.00000000E+00      1.09252002E+00      1.00000000E+00      0.00000000E+00                   1
         0      4.80000000E-01      1.00000000E+00      0.00000000E+00      1.10923397E+00      1.00000000E+00      0.00000000E+00                   1
         0      5.20000000E-01      1.00000000E+00      0.00000000E+00      1.12712022E+00      1.00000000E+00      0.00000000E+00                   1
         0      5.60000000E-01      1.00000000E+00      0.00000000E+00      1.14612390E+00      1.00000000E+00      0.00000000E+00                   1
         0      6.00000000E-01      1.00000000E+00      0.00000000E+00      1.16619038E+00      1.00000000E+00      0.00000000E+00                   1
         0      6.40000000E-01      1.00000000E+00      0.00000000E+00      1.18726577E+00      1.00000000E+00      0.00000000E+00                   1
         0      6.80000000E-01      1.00000000E+00      0.00000000E+00      1.20929732E+00      1.00000000E+00      0.00000000E+00                   1
         0      7.20000000E-01      1.00000000E+00      0.00000000E+00      1.23223374E+00      1.00000000E+00      0.00000000E+00                   1
         0      7.60000000E-01      1.00000000E+00      0.00000000E+00      1.25602548E+00      1.00000000E+00      0.00000000E+00                   1
         0      8.00000000E-01      1.00000000E+00      0.00000000E+00      1.28062485E+00      1.00000000E+00      0.00000000E+00                   1
         0      8.40000000E-01      1.00000000E+00      0.00000000E+00      1.30598622E+00      1.00000000E+00      0.00000000E+00                   1
         0      8.80000000E-01      1.00000000E+00      0.00000000E+00      1.33206606E+00      1.00000000E+00      0.00000000E+00                   1
         0      9.20000000E-01      1.00000000E+00      0.00000000E+00      1.35882302E+00      1.00000000E+00      0.00000000E+00                   1
         0      9.60000000E-01      1.00000000E+00      0.00000000E+00      1.38621788E+00      1.00000000E+00      0.00000000E+00                   1
         0      1.00000000E+00      1.00000000E+00      0.00000000E+00      1.41421356E+00      1.00000000E+00      0.00000000E+00                   1
         0      1.04000000E+00      1.00000000E+00      0.00000000E+00      1.44277510E+00      1.00000000E+00      0.00000000E+00                   1
         0      1.08000000E+00      1.00000000E+00      0.00000000E+00      1.47186956E+00      1.00000000E+00      0.00000000E+00                   1
         0      1.12000000E+00      1.00000000E+00      0.00000000E+00      1.50146595E+00      1.00000000E+00      0.00000000E+00                   1
         0      1.16000000E+00      1.00000000E+00      0.00000000E+00      1.53153518E+00      1.00000000E+00      0.00000000E+00                   1
         0      1.20000000E+00      1.00000000E+00      0.00000000E+00      1.56204994E+00      1.00000000E+00      0.00000000E+00                   1
         0      1.24000000E+00      1.00000000E+00      0.00000000E+00      1.59298462E+00      1.00000000E+00      0.00000000E+00                   1
         0      1.28000000E+00      1.00000000E+00      0.00000000E+00      1.62431524E+00      1.00000000E+00      0.00000000E+00                   1
         0      1.32000000E+00      1.00000000E+00      0.00000000E+00      1.65601932E+00      1.00000000E+00      0.00000000E+00                   1
         0      1.36000000E+00      1.00000000E+00      0.00000000E+00      1.68807583E+00      1.00000000E+00      0.00000000E+00                   1
         0      1.40000000E+00      1.00000000E+00      0.00000000E+00      1.72046505E+00      1.00000000E+00      0.00000000E+00                   1
         0      1.44000000E+00      1.00000000E+00      0.00000000E+00      1.75316856E+00      1.00000000E+00      0.00000000E+00                   1
         0      1.48000000E+00      1.00000000E+00      0.00000000E+00      1.78616908E+00      1.00000000E+00      0.00000000E+00                   1
         0      1.52000000E+00      1.00000000E+00      0.00000000E+00      1.81945047E+00      1.00000000E+00      0.00000000E+00                   1
         0      1.56000000E+00      1.00000000E+00      0.00000000E+00      1.85299757E+00      1.00000000E+00      0.00000000E+00                   1
         0      1.60000000E+00      1.00000000E+00      0.00000000E+00      1.88679623E+00      1.00000000E+00      0.00000000E+00                   1
         0      1.64000000E+00      1.00000000E+00      0.00000000E+00      1.92083315E+00      1.00000000E+00      0.00000000E+00                   1
         0      1.68000000E+00      1.00000000E+00      0.00000000E+00      1.95509591E+00      1.00000000E+00      0.00000000E+00                   1
         0      1.72000000E+00      1.00000000E+00      0.00000000E+00      1.98957282E+00      1.00000000E+00      0.00000000E+00                   1
         0      1.76000000E+00      1.00000000E+00      0.00000000E+00      2.02425295E+00      1.00000000E+00      0.00000000E+00                   1
         0      1.80000000E+00      1.00000000E+00      0.00000000E+00      2.05912603E+00      1.00000000E+00      0.00000000E+00                   1
         0      1.84000000E+00      1.00000000E+00      0.00000000E+00      2.09418242E+00      1.00000000E+00      0.00000000E+00                   1
         0      1.88000000E+00      1.00000000E+00      0.00000000E+00      2.12941306E+00      1.00000000E+00      0.00000000E+00                   1
         0      1.92000000E+00      1.00000000E+00      0.00000000E+00      2.16480946E+00      1.00000000E+00      0.00000000E+00                   1
         0      1.96000000E+00      1.00000000E+00      0.00000000E+00      2.20036361E+00      1.00000000E+00      0.00000000E+00                   1
         0      2.00000000E+00      1.00000000E+00      0.00000000E+00      2.23606798E+00      1.00000000E+00      0.00000000E+00                   1
         0      2.04000000E+00      1.00000000E+00      0.00000000E+00      2.27191549E+00      1.00000000E+00      0.00000000E+00                   1
         0      2.08000000E+00      1.00000000E+00      0.00000000E+00      2.30789948E+00      1.00000000E+00      0.00000000E+00                   1
         0      2.12000000E+00      1.00000000E+00      0.00000000E+00      2.34401365E+00      1.00000000E+00      0.00000000E+00                   1
         0      2.16000000E+00      1.00000000E+00      0.00000000E+00      2.38025209E+00      1.00000000E+00      0.00000000E+00                   1
         0      2.20000000E+00      1.00000000E+00      0.00000000E+00      2.41660919E+00      1.00000000E+00      0.00000000E+00                   1
         0      2.24000000E+00      1.00000000E+00      0.00000000E+00      2.45307970E+00      1.00000000E+00      0.00000000E+00                   1
         0      2.28000000E+00      1.00000000E+00      0.00000000E+00      2.48965861E+00      1.00000000E+00      0.00000000E+00                   1
         0      2.32000000E+00      1.00000000E+00      0.00000000E+00      2.52634123E+00      1.00000000E+00      0.00000000E+00                   1
         0      2.36000000E+00      1.00000000E+00      0.00000000E+00      2.56312309E+00      1.00000000E+00      0.00000000E+00                   1
         0      2.40000000E+00      1.00000000E+00      0.00000000E+00      2.60000000E+00      1.00000000E+00      0.00000000E+00                   1
         0      2.44000000E+00      1.00000000E+00      0.00000000E+00      2.63696796E+00      1.00000000E+00      0.00000000E+00                   1
         0      4.80000000E+00      1.00000000E+00      0.00000000E+00      4.90306027E+00      1.00000000E+00      0.00000000E+00                   2
         0      4.84000000E+00      1.00000000E+00      0.00000000E+00      4.94222622E+00      1.00000000E+00      0.00000000E+00                   2
         0      4.88000000E+00      1.00000000E+00      0.00000000E+00      4.98140542E+00      1.00000000E+00      0.00000000E+00                   2
         0      4.92000000E+00      1.00000000E+00      0.00000000E+00      5.02059757E+00      1.00000000E+00      0.00000000E+00                   2
         0      4.96000000E+00      1.00000000E+00      0.00000000E+00      5.05980237E+00      1.00000000E+00      0.00000000E+00                   2
         0      5.00000000E+00      1.00000000E+00      0.00000000E+00      5.09901951E+00      1.00000000E+00      0.00000000E+00                   2
         0      5.04000000E+00      1.00000000E+00      0.00000000E+00      5.13824873E+00      1.00000000E+00      0.00000000E+00                   2
         0      5.08000000E+00      1.00000000E+00      0.00000000E+00      5.17748974E+00      1.00000000E+00      0.00000000E+00                   2
         0      5.12000000E+00      1.00000000E+00      0.00000000E+00      5.21674228E+00      1.00000000E+00      0.00000000E+00                   2
         0      5.16000000E+00      1.00000000E+00      0.00000000E+00      5.25600609E+00      1.00000000E+00      0.00000000E+00                   2
         0      5.20000000E+00      1.00000000E+00      0.00000000E+00      5.29528092E+00      1.00000000E+00      0.00000000E+00                   2
         0      5.24000000E+00      1.00000000E+00      0.00000000E+00      5.33456652E+00      1.00000000E+00      0.00000000E+00                   2
         0      5.28000000E+00      1.00000000E+00      0.00000000E+00      5.37386267E+00      1.00000000E+00      0.00000000E+00                   2
         0      5.32000000E+00      1.00000000E+00      0.00000000E+00      5.41316913E+00      1.00000000E+00      0.00000000E+00                   2
         0      5.36000000E+00      1.00000000E+00      0.00000000E+00      5.45248567E+00      1.00000000E+00      0.00000000E+00                   2
         0      5.40000000E+00      1.00000000E+00      0.00000000E+00      5.49181209E+00      1.00000000E+00      0.00000000E+00                   2
         0      5.44000000E+00      1.00000000E+00      0.00000000E+00      5.53114816E+00      1.00000000E+00      0.00000000E+00                   2
         0      5.48000000E+00      1.00000000E+00      0.00000000E+00      5.57049369E+00      1.00000000E+00      0.00000000E+00                   2
         0      5.52000000E+00      1.00000000E+00      0.00000000E+00      5.60984848E+00      1.00000000E+00      0.00000000E+00                   2
         0      5.56000000E+00      1.00000000E+00      0.00000000E+00      5.64921233E+00      1.00000000E+00      0.00000000E+00                   2
         0      5.60000000E+00      1.00000000E+00      0.00000000E+00      5.68858506E+00      1.00000000E+00      0.00000000E+00                   2
         0      5.64000000E+00      1.00000000E+00      0.00000000E+00      5.72796648E+00      1.00000000E+00      0.00000000E+00                   2
         0      5.68000000E+00      1.00000000E+00      0.00000000E+00      5.76735641E+00      1.00000000E+00      0.00000000E+00                   2
         0      5.72000000E+00      1.00000000E+00      0.00000000E+00      5.80675469E+00      1.00000000E+00      0.00000000E+00                   2
         0      5.76000000E+00      1.00000000E+00      0.00000000E+00      5.84616113E+00      1.00000000E+00      0.00000000E+00                   2
         0      5.80000000E+00      1.00000000E+00      0.00000000E+00      5.88557559E+00      1.00000000E+00      0.00000000E+00                   2
         0      5.84000000E+00      1.00000000E+00      0.00000000E+00      5.92499789E+00      1.00000000E+00      0.00000000E+00                   2
         0      5.88000000E+00      1.00000000E+00      0.00000000E+00      5.96442789E+00      1.00000000E+00      0.00000000E+00                   2
         0      5.92000000E+00      1.00000000E+00      0.00000000E+00      6.00386542E+00      1.00000000E+00      0.00000000E+00                   2
         0      5.96000000E+00      1.00000000E+00      0.00000000E+00      6.04331035E+00      1.00000000E+00      0.00000000E+00                   2
         0      6.00000000E+00      1.00000000E+00      0.00000000E+00      6.08276253E+00      1.00000000E+00      0.00000000E+00                   2
         0      6.04000000E+00      1.00000000E+00      0.00000000E+00      6.12222182E+00      1.00000000E+00      0.00000000E+00                   2
         0      6.08000000E+00      1.00000000E+00      0.00000000E+00      6.16168808E+00      1.00000000E+00      0.00000000E+00                   2
         0      6.12000000E+00      1.00000000E+00      0.00000000E+00      6.20116118E+00      1.00000000E+00      0.00000000E+00                   2
         0      6.16000000E+00      1.00000000E+00      0.00000000E+00      6.24064099E+00      1.00000000E+00      0.00000000E+00                   2
         0      6.20000000E+00      1.00000000E+00      0.00000000E+00      6.28012739E+00      1.00000000E+00      0.00000000E+00                   2
         0      6.24000000E+00      1.00000000E+00      0.00000000E+00      6.31962024E+00      1.00000000E+00      0.00000000E+00                   2
         0      6.28000000E+00      1.00000000E+00      0.00000000E+00      6.35911944E+00      1.00000000E+00      0.00000000E+00                   2
         0      6.32000000E+00      1.00000000E+00      0.00000000E+00      6.39862485E+00      1.00000000E+00      0.00000000E+00                   2
         0      6.36000000E+00      1.00000000E+00      0.00000000E+00      6.43813638E+00      1.00000000E+00      0.00000000E+00                   2
         0      6.40000000E+00      1.00000000E+00      0.00000000E+00      6.47765390E+00      1.00000000E+00      0.00000000E+00                   2
         0      6.44000000E+00      1.00000000E+00      0.00000000E+00      6.51717730E+00      1.00000000E+00      0.00000000E+00                   2
         0      6.48000000E+00      1.00000000E+00      0.00000000E+00      6.55670649E+00      1.00000000E+00      0.00000000E+00                   2
         0      6.52000000E+00      1.00000000E+00      0.00000000E+00      6.59624135E+00      1.00000000E+00      0.00000000E+00                   2
         0      6.56000000E+00      1.00000000E+00      0.00000000E+00      6.63578179E+00      1.00000000E+00      0.00000000E+00                   2
         0      6.60000000E+00      1.00000000E+00      0.00000000E+00      6.67532771E+00      1.00000000E+00      0.00000000E+00                   2
         0      6.64000000E+00      1.00000000E+00      0.00000000E+00      6.71487900E+00      1.00000000E+00      0.00000000E+00                   2
         0      6.68000000E+00      1.00000000E+00      0.00000000E+00      6.75443558E+00      1.00000000E+00      0.00000000E+00                   2
         0      6.72000000E+00      1.00000000E+00      0.00000000E+00      6.79399735E+00      1.00000000E+00      0.00000000E+00                   2
         0      6.76000000E+00      1.00000000E+00      0.00000000E+00      6.83356422E+00      1.00000000E+00      0.00000000E+00                   2
         0      6.80000000E+00      1.00000000E+00      0.00000000E+00      6.87313611E+00      1.00000000E+00      0.00000000E+00                   2
         0      6.84000000E+00      1.00000000E+00      0.00000000E+00      6.91271293E+00      1.00000000E+00      0.00000000E+00                   2
         0      6.88000000E+00      1.00000000E+00      0.00000000E+00      6.95229459E+00      1.00000000E+00      0.00000000E+00                   2
         0      6.92000000E+00      1.00000000E+00      0.00000000E+00      6.99188101E+00      1.00000000E+00      0.00000000E+00                   2
         0      6.96000000E+00      1.00000000E+00      0.00000000E+00      7.03147211E+00      1.00000000E+00      0.00000000E+00                   2
         0      7.00000000E+00      1.00000000E+00      0.00000000E+00      7.07106781E+00      1.00000000E+00      0.00000000E+00                   2
         0      7.04000000E+00      1.00000000E+00      0.00000000E+00      7.11066804E+00      1.00000000E+00      0.00000000E+00                   2
         0      7.08000000E+00      1.00000000E+00      0.00000000E+00      7.15027272E+00      1.00000000E+00      0.00000000E+00                   2
         0      7.12000000E+00      1.00000000E+00      0.00000000E+00      7.18988178E+00      1.00000000E+00      0.00000000E+00                   2
         0      7.16000000E+00      1.00000000E+00      0.00000000E+00      7.22949514E+00      1.00000000E+00      0.00000000E+00                   2
         0      7.20000000E+00      1.00000000E+00      0.00000000E+00      7.26911274E+00      1.00000000E+00      0.00000000E+00                   2
         0      7.24000000E+00      1.00000000E+00      0.00000000E+00      7.30873450E+00      1.00000000E+00      0.00000000E+00                   2
         0      7.28000000E+00      1.00000000E+00      0.00000000E+00      7.34836036E+00      1.00000000E+00      0.00000000E+00                   2
         0      7.32000000E+00      1.00000000E+00      0.00000000E+00      7.38799025E+00      1.00000000E+00      0.00000000E+00                   2
         0      7.36000000E+00      1.00000000E+00      0.00000000E+00      7.42762412E+00      1.00000000E+00      0.00000000E+00                   2
         0      7.40000000E+00      1.00000000E+00      0.00000000E+00      7.46726188E+00      1.00000000E+00      0.00000000E+00                   2
         0      7.44000000E+00      1.00000000E+00      0.00000000E+00      7.50690349E+00      1.00000000E+00      0.00000000E+00                   2
         0      2.48000000E+00      1.00000000E+00      0.00000000E+00      2.67402319E+00      1.00000000E+00      0.00000000E+00                   3
         0      2.52000000E+00      1.00000000E+00      0.00000000E+00      2.71116211E+00      1.00000000E+00      0.00000000E+00                   3
         0      2.56000000E+00      1.00000000E+00      0.00000000E+00      2.74838134E+00      1.00000000E+00      0.00000000E+00                   3
         0      2.60000000E+00      1.00000000E+00      0.00000000E+00      2.78567766E+00      1.00000000E+00      0.00000000E+00                   3
         0      2.64000000E+00      1.00000000E+00      0.00000000E+00      2.82304800E+00      1.00000000E+00      0.00000000E+00                   3
         0      2.68000000E+00      1.00000000E+00      0.00000000E+00      2.86048947E+00      1.00000000E+00      0.00000000E+00                   3
         0      2.72000000E+00      1.00000000E+00      0.00000000E+00      2.89799931E+00      1.00000000E+00      0.00000000E+00                   3
         0      2.76000000E+00      1.00000000E+00      0.00000000E+00      2.93557490E+00      1.00000000E+00      0.00000000E+00                   3
         0      2.80000000E+00      1.00000000E+00      0.00000000E+00      2.97321375E+00      1.00000000E+00      0.00000000E+00                   3
         0      2.84000000E+00      1.00000000E+00      0.00000000E+00      3.01091348E+00      1.00000000E+00      0.00000000E+00                   3
         0      2.88000000E+00      1.00000000E+00      0.00000000E+00      3.04867184E+00      1.00000000E+00      0.00000000E+00                   3
         0      2.92000000E+00      1.00000000E+00      0.00000000E+00      3.08648668E+00      1.00000000E+00      0.00000000E+00                   3
         0      2.96000000E+00      1.00000000E+00      0.00000000E+00      3.12435593E+00      1.00000000E+00      0.00000000E+00                   3
         0      3.00000000E+00      1.00000000E+00      0.00000000E+00      3.16227766E+00      1.00000000E+00      0.00000000E+00                   3
         0      3.04000000E+00      1.00000000E+00      0.00000000E+00      3.20024999E+00      1.00000000E+00      0.00000000E+00                   3
         0      3.08000000E+00      1.00000000E+00      0.00000000E+00      3.23827114E+00      1.00000000E+00      0.00000000E+00                   3
         0      3.12000000E+00      1.00000000E+00      0.00000000E+00      3.27633942E+00      1.00000000E+00      0.00000000E+00                   3
         0      3.16000000E+00      1.00000000E+00      0.00000000E+00      3.31445320E+00      1.00000000E+00      0.00000000E+00                   3
         0      3.20000000E+00      1.00000000E+00      0.00000000E+00      3.35261092E+00      1.00000000E+00      0.00000000E+00                   3
         0      3.24000000E+00      1.00000000E+00      0.00000000E+00      3.39081111E+00      1.00000000E+00      0.00000000E+00                   3
         0      3.28000000E+00      1.00000000E+00      0.00000000E+00      3.42905235E+00      1.00000000E+00      0.00000000E+00                   3
         0      3.32000000E+00      1.00000000E+00      0.00000000E+00      3.46733327E+00      1.00000000E+00      0.00000000E+00                   3
         0      3.36000000E+00      1.00000000E+00      0.00000000E+00      3.50565258E+00      1.00000000E+00      0.00000000E+00                   3
         0      3.40000000E+00      1.00000000E+00      0.00000000E+00      3.54400903E+00      1.00000000E+00      0.00000000E+00                   3
         0      3.44000000E+00      1.00000000E+00      0.00000000E+00      3.58240143E+00      1.00000000E+00      0.00000000E+00                   3
         0      3.48000000E+00      1.00000000E+00      0.00000000E+00      3.62082863E+00      1.00000000E+00      0.00000000E+00                   3
         0      3.52000000E+00      1.00000000E+00      0.00000000E+00      3.65928955E+00      1.00000000E+00      0.00000000E+00                   3
         0      3.56000000E+00      1.00000000E+00      0.00000000E+00      3.69778312E+00      1.00000000E+00      0.00000000E+00                   3
         0      3.60000000E+00      1.00000000E+00      0.00000000E+00      3.73630834E+00      1.00000000E+00      0.00000000E+00                   3
         0      3.64000000E+00      1.00000000E+00      0.00000000E+00      3.77486424E+00      1.00000000E+00      0.00000000E+00                   3
         0      3.68000000E+00      1.00000000E+00      0.00000000E+00      3.81344988E+00      1.00000000E+00      0.00000000E+00                   3
         0      3.72000000E+00      1.00000000E+00      0.00000000E+00      3.85206438E+00      1.00000000E+00      0.00000000E+00                   3
         0      3.76000000E+00      1.00000000E+00      0.00000000E+00      3.89070688E+00      1.00000000E+00      0.00000000E+00                   3
         0      3.80000000E+00      1.00000000E+00      0.00000000E+00      3.92937654E+00      1.00000000E+00      0.00000000E+00                   3
         0      3.84000000E+00      1.00000000E+00      0.00000000E+00      3.96807258E+00      1.00000000E+00      0.00000000E+00                   3
         0      3.88000000E+00      1.00000000E+00      0.00000000E+00      4.00679423E+00      1.00000000E+00      0.00000000E+00                   3
         0      3.92000000E+00      1.00000000E+00      0.00000000E+00      4.04554075E+00      1.00000000E+00      0.00000000E+00                   3
         0      3.96000000E+00      1.00000000E+00      0.00000000E+00      4.08431145E+00      1.00000000E+00      0.00000000E+00                   3
         0      4.00000000E+00      1.00000000E+00      0.00000000E+00      4.12310563E+00      1.00000000E+00      0.00000000E+00                   3
         0      4.04000000E+00      1.00000000E+00      0.00000000E+00      4.16192263E+00      1.00000000E+00      0.00000000E+00                   3
         0      4.08000000E+00      1.00000000E+00      0.00000000E+00      4.20076184E+00      1.00000000E+00      0.00000000E+00                   3
         0      4.12000000E+00      1.00000000E+00      0.00000000E+00      4.23962262E+00      1.00000000E+00      0.00000000E+00                   3
         0      4.16000000E+00      1.00000000E+00      0.00000000E+00      4.27850441E+00      1.00000000E+00      0.00000000E+00                   3
         0      4.20000000E+00      1.00000000E+00      0.00000000E+00      4.31740663E+00      1.00000000E+00      0.00000000E+00                   3
         0      4.24000000E+00      1.00000000E+00      0.00000000E+00      4.35632873E+00      1.00000000E+00      0.00000000E+00                   3
         0      4.28000000E+00      1.00000000E+00      0.00000000E+00      4.39527019E+00      1.00000000E+00      0.00000000E+00                   3
         0      4.32000000E+00      1.00000000E+00      0.00000000E+00      4.43423049E+00      1.00000000E+00      0.00000000E+00                   3
         0      4.36000000E+00      1.00000000E+00      0.00000000E+00      4.47320914E+00      1.00000000E+00      0.00000000E+00                   3
         0      4.40000000E+00      1.00000000E+00      0.00000000E+00      4.51220567E+00      1.00000000E+00      0.00000000E+00                   3
         0      4.44000000E+00      1.00000000E+00      0.00000000E+00      4.55121962E+00      1.00000000E+00      0.00000000E+00                   3
         0      4.48000000E+00      1.00000000E+00      0.00000000E+00      4.59025054E+00      1.00000000E+00      0.00000000E+00                   3
         0      4.52000000E+00      1.00000000E+00      0.00000000E+00      4.62929800E+00      1.00000000E+00      0.00000000E+00                   3
         0      4.56000000E+00      1.00000000E+00      0.00000000E+00      4.66836160E+00      1.00000000E+00      0.00000000E+00                   3
         0      4.60000000E+00      1.00000000E+00      0.00000000E+00      4.70744092E+00      1.00000000E+00      0.00000000E+00                   3
         0      4.64000000E+00      1.00000000E+00      0.00000000E+00      4.74653558E+00      1.00000000E+00      0.00000000E+00                   3
         0      4.68000000E+00      1.00000000E+00      0.00000000E+00      4.78564520E+00      1.00000000E+00      0.00000000E+00                   3
         0      4.72000000E+00      1.00000000E+00      0.00000000E+00      4.82476942E+00      1.00000000E+00      0.00000000E+00                   3
         0      4.76000000E+00      1.00000000E+00      0.00000000E+00      4.86390789E+00      1.00000000E+00      0.00000000E+00                   3

